30
ID-Y0925 7 4 6.79
ID-C1856 8 14 0.12
ID-L0000 1 8 8.92
ID-U7590 6 9 6.67
ID-Q9741 17 3 8.74
ID-J7234 13 16 6.04
ID-J8617 14 9 7.03
ID-D2424 2 18 5.14
ID-J9012 3 9 5.02
ID-A0942 8 1 6.47
ID-V4683 15 4 0.88
ID-Z4554 6 5 4.6
ID-F0292 1 0 7.03
ID-Y3284 4 7 0.27
ID-S1222 14 2 3.77
ID-S3909 18 18 7.42
ID-I0123 15 10 6.53
ID-W1037 10 6 8.15
ID-S3525 15 12 7.95
ID-T9166 1 9 7.4
ID-M4176 8 2 8.93
ID-H6588 5 14 0.9
ID-S9078 2 7 9.46
ID-A4039 2 8 9.13
ID-R4933 10 5 0.41
ID-V5974 10 6 1.97
ID-V4293 16 7 9.75
ID-R3089 9 6 2.73
ID-U3502 3 5 0.36
ID-V6326 9 12 2.06